000000000000000000000000000000000000000
000000000000000000000000000000000000000
000000000000000000000000000000000000000
000000000000000000000000000000000000000
000000000000000000000000000000000000000
000000000000000000000000000000000000000
000000000000000000000000000000000000000
000000000000000000000000000000000000000
000000000000000000000000000000000000000
000000000000000000000000000000000000000
000000000000000000000000000000000000000
000000000000000000000000000000000000000
000000000000000000000000000000000000000
000000000000000000000000000000000000000
000000000000000000000000000000000000000
000000000000000000000000000000000000000
000000000000000000000000000000000000000
000000000000000000000000000000000000000
000000000000000000000000000000000000000
000000000000000000000000000000000000000
000000000000000000000000000000000000000
000000000000000000000000000000000000000
000000000000000000000000000000000000000
000000000000000000000000000000000000000
000000000000000000000000000000000000000
000000000000000000000000000000000000000
000000000000000000000000000000000000000
000000000000000000000000000000000000000
000000000000000000000000000000000000000
000000000000000000000000000000000000000
000000000000000000000000000000000000000
000000000000000000000000000000000000000
000000000000000000000000000000000000000
111011010011111100001101000000000000000
110101010111111100001011100110000000000
101110011111111100001001111110000000000
100100010111111100000111100100000000000
000100100111111100000000000000000000000
000100101011111100000000000000000000001
000100101011111100000000000000000000010
000100101011111100000000000000000000011
000100101011111100000000000000000000100
000100101011111100000000000000000000100
000100101011111100000000000000000000101
000100101011111100000000000000000000110
000100101011111100000000000000000000111
000100101011111100000000000000000001000
000100101011111100000000000000000001001
000100101111111100000000000000000001010
000100101011111100000000000000000001011
000100101111111100000000000000000001100
000100101111111100000000000000000001101
000100101111111100000000000000000001110
000100101111111100000000000000000001111
000100101111111100000000000000000001111
000100101111111100000000000000000010000
000100101111111100000000000000000010001
000100101111111100000000000000000010010
000100101111111100000000000000000010011
000100101111111100000000000000000010100
000100110011111100000000000000000010101
000100110011111100000000000000000010110
000100110011111100000000000000000010111
000100110011111100000000000000000011000
000100110011111100000000000000000011001
000100110011111100000000000000000011010
000100110011111100000000000000000011010
000100110011111100000000000000000011011
000100110011111100000000000000000011100
000100110011111100000000000000000011101
000100110011111100000000000000000011110
000100110111111100000000000000000011111
000100110111111100000000000000000100000
000100110111111100000000000000000100001
000100110111111100000000000000000100010
000100110111111100000000000000000100011
000100110111111100000000000000000100100
000100110111111100000000000000000100101
000100110111111100000000000000000100101
000100110111111100000000000000000100110
000100110111111100000000000000000100111
000100110111111100000000000000000101000
000100110111111100000000000000000101001
000100110111111100000000000000000101010
000100111011111100000000000000000101011
000100111011111100000000000000000101100
000100111011111100000000000000000101101
000100111011111100000000000000000101110
000100111011111100000000000000000101111
000100111011111100000000000000000110000
000100111011111100000000000000000110001
000100111011111100000000000000000110001
000100111011111100000000000000000110010
000100111011111100000000000000000110011
000100111111111100000000000000000110100
000100111111111100000000000000000110101
000100111111111100000000000000000110110
000100111111111100000000000000000110111
000100111111111100000000000000000111000
000100111111111100000000000000000111001
000100111111111100000000000000000111010
000100111111111100000000000000000111011
000100111111111100000000000000000111100
000100111111111100000000000000000111101
000100111111111100000000000000000111110
000100111111111100000000000000000111110
000100111111111100000000000000000111111
000101000011111100000000000000001000000
000101000011111100000000000000001000001
000101000011111100000000000000001000010
000101000011111100000000000000001000011
000101000011111100000000000000001000100
000101000011111100000000000000001000101
000101000011111100000000000000001000110
000101000011111100000000000000001000111
000101000011111100000000000000001001000
000101000011111100000000000000001001001
000101000011111100000000000000001001010
000101000011111100000000000000001001011
000101000111111100000000000000001001011
000101000111111100000000000000001001100
000101000111111100000000000000001001101
000101000111111100000000000000001001110
000101000111111100000000000000001001111
000101000111111100000000000000001010000
000101000111111100000000000000001010001
000101000111111100000000000000001010010
000101000111111100000000000000001010011
000101000111111100000000000000001010100
000101000111111100000000000000001010101
000101000111111100000000000000001010110
000101000111111100000000000000001010111
000101001011111100000000000000001011000
000101001011111100000000000000001011001
000101001011111100000000000000001011010
000101001011111100000000000000001011011
000101001011111100000000000000001011011
000101001011111100000000000000001011101
000101001011111100000000000000001011101
000101001011111100000000000000001011110
000101001011111100000000000000001011111
000101001011111100000000000000001100000
000101001011111100000000000000001100001
000101001011111100000000000000001100010
000101001011111100000000000000001100011
000101001111111100000000000000001100100
000101001111111100000000000000001100101
000101001111111100000000000000001100110
000101001111111100000000000000001100111
000101001111111100000000000000001101000
000101001111111100000000000000001101001
000101001111111100000000000000001101010
000101001111111100000000000000001101011
000101001111111100000000000000001101100
000101001111111100000000000000001101101
000101001111111100000000000000001101110
000101001111111100000000000000001101111
000101001111111100000000000000001101111
000101010011111100000000000000001110000
000101010011111100000000000000001110001
000101010011111100000000000000001110010
000101010011111100000000000000001110011
000101010011111100000000000000001110100
000101010011111100000000000000001110101
000101010011111100000000000000001110110
000101010011111100000000000000001110111
000101010011111100000000000000001111000
000101010011111100000000000000001111001
000101010011111100000000000000001111010
000101010011111100000000000000001111011
000101010011111100000000000000001111100
000101010011111100000000000000001111101
000101010111111100000000000000001111110
000101010111111100000000000000001111111
000101010111111100000000000000010000000
000101010111111100000000000000010000001
000101010111111100000000000000010000010
000101010111111100000000000000010000010
000101010111111100000000000000010000011
000101010111111100000000000000010000100
000101010111111100000000000000010000101
000101010111111100000000000000010000110
000101010111111100000000000000010000111
000101010111111100000000000000010001000
000101010111111100000000000000010001001
000101010111111100000000000000010001010
000101011011111100000000000000010001011
000101011011111100000000000000010001100
000101011011111100000000000000010001101
000101011011111100000000000000010001110
000101011011111100000000000000010001111
000101011011111100000000000000010010000
000101011011111100000000000000010010001
000101011011111100000000000000010010010
000101011011111100000000000000010010011
000101011011111100000000000000010010100
000101011011111100000000000000010010101
000101011011111100000000000000010010110
000101011011111100000000000000010010111
000101011111111100000000000000010011000
000101011111111100000000000000010011000
000101011111111100000000000000010011010
000101011111111100000000000000010011011
000101011111111100000000000000010011011
000101011111111100000000000000010011100
000101011111111100000000000000010011101
000101011111111100000000000000010011110
000101011111111100000000000000010011111
000101011111111100000000000000010100000
000101011111111100000000000000010100001
000101011111111100000000000000010100010
000101011111111100000000000000010100011
000101011111111100000000000000010100100
000101011111111100000000000000010100101
000101100011111100000000000000010100110
000101100011111100000000000000010100111
000101100011111100000000000000010101000
000101100011111100000000000000010101001
000101100011111100000000000000010101010
000101100011111100000000000000010101011
000101100011111100000000000000010101100
000101100011111100000000000000010101101
000101100011111100000000000000010101110
000101100011111100000000000000010101111
000101100011111100000000000000010110000
000101100011111100000000000000010110001
000101100011111100000000000000010110010
000101100011111100000000000000010110011
000101100011111100000000000000010110100
000101100011111100000000000000010110101
000101100111111100000000000000010110101
000101100111111100000000000000010110110
000101100111111100000000000000010110111
000101100111111100000000000000010111001
000101100111111100000000000000010111001
000101100111111100000000000000010111010
000101100111111100000000000000010111011
000101100111111100000000000000010111100
000101100111111100000000000000010111101
000101100111111100000000000000010111110
000101100111111100000000000000010111111
000101100111111100000000000000011000000
000101100111111100000000000000011000001
000101100111111100000000000000011000010
000101101011111100000000000000011000011
000101101011111100000000000000011000100
000101101011111100000000000000011000101
000101101011111100000000000000011000110
000101101011111100000000000000011000111
000101101011111100000000000000011001000
000101101011111100000000000000011001001
000101101011111100000000000000011001010
000101101011111100000000000000011001011
000101101011111100000000000000011001100
000101101011111100000000000000011001101
000101101011111100000000000000011001110
000101101011111100000000000000011001111
000101101011111100000000000000011010000
000101101011111100000000000000011010001
000101101011111100000000000000011010010
000101101111111100000000000000011010011
000101101111111100000000000000011010100
000101101111111100000000000000011010101
000101101111111100000000000000011010110
000101101111111100000000000000011010111
000101101111111100000000000000011011000
000101101111111100000000000000011011001
000101101111111100000000000000011011010
000101101111111100000000000000011011011
000101101111111100000000000000011011100
000101101111111100000000000000011011101
000101101111111100000000000000011011110
000101101111111100000000000000011011111
000101101111111100000000000000011011111
000101101111111100000000000000011100000
000101101111111100000000000000011100001
000101101111111100000000000000011100010
000101101111111100000000000000011100011
000101110011111100000000000000011100100
000101110011111100000000000000011100101
000101110011111100000000000000011100110
000101110011111100000000000000011100111
000101110011111100000000000000011101000
000101110011111100000000000000011101001
000101110011111100000000000000011101010
000101110011111100000000000000011101011
000101110011111100000000000000011101100
000101110011111100000000000000011101101
000101110011111100000000000000011101110
000101110011111100000000000000011101111
000101110011111100000000000000011110000
000101110011111100000000000000011110001
000101110011111100000000000000011110010
000101110011111100000000000000011110011
000101110111111100000000000001011110100
000101110111111100000000000000011110101
000101110111111100000000000000011110110
000101110111111100000000000000011110111
000101110111111100000000000000011111000
000101110111111100000000000000011111001
000101110111111100000000000000011111010
000101110111111100000000000000011111011
000101110111111100000000000000011111100
000101110111111100000000000000011111101
000101110111111100000000000000011111110
000101110111111100000000000000011111111
000101110111111100000000000000100000000
000101110111111100000000000000100000001
000101110111111100000000000000100000010
000101110111111100000000000000100000011
000101110111111100000000000000100000100
000101110111111100000000000000100000101
000101111011111100000000000000100000110
000101111011111100000000000000100000111
000101111011111100000000000000100001000
000101111011111100000000000000100001001
000101111011111100000000000000100001010
000101111011111100000000000000100001011
000101111011111100000000000000100001100
000101111011111100000000000000100001101
000101111011111100000000000000100001110
000101111011111100000000000000100001111
000101111011111100000000000000100010000
000101111011111100000000000000100010001
000101111011111100000000000000100010010
000101111011111100000000000000100010011
000101111011111100000000000000100010100
000101111011111100000000000000100010101
000101111011111100000000000000100010110
000101111011111100000000000000100010111
000101111111111100000000000000100011000
000101111111111100000000000000100011001
000101111111111100000000000000100011010
000101111111111100000000000000100011011
000101111111111100000000000000100011100
000101111111111100000000000000100011101
000101111111111100000000000000100011110
000101111111111100000000000000100011111
000101111111111100000000000000100100000
000101111111111100000000000000100100001
000101111111111100000000000000100100010
000101111111111100000000000000100100011
000101111111111100000000000000100100100
000101111111111100000000000000100100101
000101111111111100000000000000100100110
000101111111111100000000000000100100111
000101111111111100000000000000100101000
000101111111111100000000000000100101001
000110000011111100000000000000100101010
000110000011111100000000000000100101011
000110000011111100000000000000100101100
000110000011111100000000000000100101101
000110000011111100000000000000100101110
000110000011111100000000000000100101110
000110000011111100000000000000100101111
000110000011111100000000000000100110000
000110000011111100000000000000100110001
000110000011111100000000000000100110010
000110000011111100000000000000100110011
000110000011111100000000000000100110100
000110000011111100000000000000100110101
000110000011111100000000000000100110111
000110000011111100000000000000100111000
000110000011111100000000000000100111001
000110000011111100000000000000100111010
000110000011111100000000000000100111011
000110000011111100000000000000100111100
000110000111111100000000000001100111100
000110000111111100000000000001100111101
000110000111111100000000000001100111111
000110000111111100000000000001101000000
000110000111111100000000000001101000001
000110000111111100000000000001101000010
000110000111111100000000000000101000011
000110000111111100000000000000101000100
000110000111111100000000000000101000101
000110000111111100000000000000101000101
000000000000000000000000000000000000000
000000000000000000000000000000000000000
000000000000000000000000000000000000000
000000000000000000000000000000000000000
000000000000000000000000000000000000000
000000000000000000000000000000000000000
000000000000000000000000000000000000000
