000000000000000000000000000000000000000
000000000000000000000000000000000000000
000000000000000000000000000000000000000
000000000000000000000000000000000000000
000000000000000000000000000000000000000
000000000000000000000000000000000000000
000000000000000000000000000000000000000
000000000000000000000000000000000000000
000000000000000000000000000000000000000
000000000000000000000000000000000000000
000000000000000000000000000000000000000
000010110000010110110000000000000000000
000010110001001101110000000000000000001
000010110010110000000000000000000000010
000010110011100111100000000000000000011
000010110011100111110000000000000000100
000010110011100111110000000000000000101
000010110011100111110000000000000000110
000010101111100111110000000000000000111
000010101111100111110000000000000001001
000010101111100111110000000000000001010
000010101111100111110000000000000001011
000010101111100111110000000000000001100
000010110011100111100000000000000001101
000010110011100111100000000000000001110
000010110011100111100000000000000001111
000010110011100111100000000001000010000
000010110011100111100000000001000010001
000010101111100111110000000000000010010
000010101111100111110000000000000010011
000010101111100111110000000000000010100
000010101111100111110000000000000010110
000010101111100111110000000000000010111
000010101111100111110000000000000011000
000010101111100111110000000000000011001
000010101111100111110000000001000011010
000010101011100111110000000000000011011
000010101011100111110000000000000011100
000010101011100111110000000000000011101
000010101111100111110000000000000011110
000010101111100111110000000000000011111
000010101111100111110000000000000100000
000010101111100111110000000001000100001
000010101011100111110000000000000100010
000010101011100111110000000000000100011
000010101011100111110000000000000100101
000010101011100111110000000000000100110
000010101011100111110000000000000100111
000010101011100111110000000000000101000
000010101011100111110000000000000101001
000010101011100111110000000000000101010
000010101011100111110000000000000101011
000010101011100111110000000000000101101
000010101011100111110000000001000101110
000010100111100111110000000000000101111
000010101011100111110000000000000101111
000010101011100111110000000001000110001
000010101011100111110000000001000110010
000010100111100111110000000000000110011
000010100111100111110000000000000110100
000010100111100111110000000000000110101
000010100111100111110000000000000110110
000010100111101000000000000000000110111
000010100111101000000000000000000111001
000010100111101000000000000000000111010
000010100111101000000000000000000111011
000010100111101000000000000000000111100
000010100111101000000000000000000111101
000010100111101000000000000000000111110
000010100111101000000000000001000111111
000010100011101000000000000000001000000
000010100111101000000000000000001000001
000010100011101000000000000000001000010
000010100011101000000000000000001000011
000010100011101000000000000000001000100
000010100011101000000000000000001000101
000010100011101000000000000000001000110
000010100011101000000000000000001000111
000010100011101000000000000000001001000
000010100011101000000000000000001001010
000010100011101000000000000000001001011
000010100011101000000000000000001001100
000010100011101000000000000000001001101
000010100011101000000000000000001001110
000010100011101000000000000001001001111
000010011111101000000000000000001010000
000010011111101000000000000000001010001
000010011111101000000000000000001010010
000010011111101000000000000000001010011
000010011111101000000000000000001010100
000010011111101000000000000000001010101
000010011111101000000000000000001010111
000010011111101000000000000000001011000
000010011111101000000000000000001011001
000010011111101000000000000000001011010
000010011111101000000000000000001011011
000010011111101000000000000000001011100
000010011111101000000000000000001011101
000010011111101000010000000000001011110
000010011111101000000000000001001011111
000010011011101000010000000000001100001
000010011011101000010000000000001100010
000010011011101000000000000000001100011
000010011011101000010000000000001100011
000010011011101000010000000000001100101
000010011011101000010000000000001100110
000010011011101000010000000000001100111
000010011011101000010000000000001101000
000010011011101000010000000000001101001
000010011011101000010000000000001101010
000010011011101000010000000000001101011
000010011011101000010000000000001101100
000010011011101000010000000000001101101
000010010111101000010000000000001101111
000010010111101000010000000000001110000
000010010111101000010000000000001110001
000010010111101000010000000000001110010
000010010111101000010000000000001110011
000010010111101000010000000000001110100
000010010111101000010000000000001110101
000010010111101000010000000000001110110
000010010111101000010000000000001110111
000010010111101000010000000000001111000
000010010111101000010000000000001111001
000010010111101000010000000000001111010
000010010111101000010000000000001111011
000010010011101000010000000000001111100
000010010011101000010000000000001111110
000010010011101000100000000000001111111
000010010011101000100000000000010000000
000010010011101000100000000000010000001
000010010011101000100000000000010000010
000010010011101000100000000000010000011
000010010011101000100000000000010000100
000010010011101000100000000000010000101
000010010011101000100000000000010000110
000010010011101000100000000000010000111
000010010011101000100000000000010001000
000010010011101000100000000000010001001
000010010011101000100000000001010001010
000010001111101000100000000000010001011
000010001111101000100000000000010001100
000010001111101000100000000000010001101
000010001111101000100000000000010001111
000010001111101000100000000000010010000
000010001111101000100000000000010010001
000010001111101000100000000000010010010
000010001111101000100000000000010010011
000010001111101000100000000000010010100
000010001111101000100000000000010010101
000010001111101000100000000000010010110
000010001111101000100000000000010010111
000010001111101000100000000001010011000
000010001011101000100000000000010011001
000010001011101000100000000000010011010
000010001011101000100000000000010011011
000010001011101000100000000000010011100
000010001011101000100000000000010011101
000010001011101000100000000000010011110
000010001011101000110000000000010100000
000010001011101000110000000000010100001
000010001011101000110000000000010100010
000010001011101000110000000000010100011
000010000111101000110000000000010100100
000010000111101000110000000000010100101
000010000111101000110000000000010100110
000010000111101000110000000000010100111
000010000111101000110000000000010101000
000010000111101000110000000000010101001
000010000111101000110000000000010101010
000010000111101000110000000000010101011
000010000111101000110000000000010101100
000010000111101000110000000000010101101
000010000111101000110000000000010101110
000010000111101000110000000000010101111
000010000111101000110000000001010110001
000010000111101000110000000001010110010
000010000011101000110000000000010110010
000010000011101000110000000000010110011
000010000011101000110000000000010110100
000010000011101000110000000000010110110
000010000011101000110000000000010110111
000010000011101000110000000000010111000
000010000011101000110000000000010111001
000010000011101000110000000000010111010
000010000011101001000000000000010111011
000010000011101001000000000000010111100
000010000011101001000000000001010111101
000001111111101001000000000000010111110
000001111111101001000000000000010111111
000001111111101001000000000000011000000
000001111111101001000000000000011000001
000001111111101001000000000000011000010
000001111111101001000000000000011000011
000001111111101001000000000000011000100
000001111111101001000000000000011000101
000001111111101001000000000000011000110
000001111111101001000000000000011000111
000001111111101001000000000000011001000
000001111111101001000000000001011001010
000001111011101001000000000000011001011
000001111011101001000000000000011001100
000001111011101001000000000000011001101
000001111011101001000000000000011001110
000001111011101001000000000000011001111
000001111011101001000000000000011010000
000001111011101001000000000000011010001
000001111011101001000000000000011010010
000001111011101001000000000000011010011
000001111011101001000000000000011010100
000001111011101001000000000001011010101
000001110111101001010000000000011010110
000001110111101001010000000000011010111
000001110111101001010000000000011011000
000001110111101001010000000000011011001
000001110111101001010000000000011011010
000001110111101001010000000000011011100
000001110111101001010000000000011011101
000001110111101001010000000000011011110
000001110111101001010000000000011011111
000001110111101001010000000000011100000
000001110011101001010000000000011100001
000001110011101001010000000000011100010
000001110011101001010000000000011100010
000001110011101001010000000000011100100
000001110011101001010000000000011100101
000001110011101001010000000000011100110
000001110011101001010000000000011100111
000001110011101001010000000000011101000
000001110011101001010000000000011101001
000001110011101001010000000000011101010
000001101111101001010000000000011101011
000001101111101001010000000000011101100
000001101111101001010000000000011101101
000001101111101001010000000000011101110
000001101111101001010000000000011101111
000001101111101001010000000000011110000
000001101111101001100000000000011110001
000001101111101001010000000000011110010
000001101111101001100000000000011110011
000001101111101001100000000000011110100
000001101111101001100000000000011110101
000001101111101001100000000000011110110
000001101111101001100000000001011110111
000001101011101001100000000000011111000
000001101011101001100000000000011111001
000001101011101001100000000000011111010
000001101011101001100000000000011111100
000001101011101001100000000000011111101
000001101011101001100000000000011111110
000001101011101001100000000000011111111
000001101011101001100000000000100000000
000001101011101001100000000001100000001
000001100111101001100000000000100000010
000001100111101001100000000000100000011
000001100111101001100000000000100000100
000001100111101001100000000000100000101
000001100111101001100000000000100000110
000001100111101001100000000000100000111
000001100111101001110000000000100001000
000001100111101001110000000000100001001
000001100111101001110000000000100001010
000001100111101001110000000000100001011
000001100011101001110000000000100001100
000001100011101001110000000000100001101
000001100011101001110000000000100001110
000001100011101001110000000000100001111
000001100011101001110000000000100010000
000001100011101001110000000000100010001
000001100011101001110000000000100010010
000001100011101001110000000000100010011
000001100011101001110000000000100010100
000001100011101001110000000000100010101
000001100011101001110000000001100010110
000001011111101001110000000000100010111
000001011111101001110000000000100011000
000001011111101001110000000000100011001
000001011111101001110000000000100011010
000001011111101001110000000000100011011
000001011111101001110000000000100011100
000001011111101001110000000000100011101
000001011111101001110000000000100011110
000001011111101010000000000000100011111
000001011111101010000000000000100100001
000001011011101010000000000000100100010
000001011011101010000000000000100100011
000001011011101010000000000000100100100
000001011011101010000000000000100100100
000001011011101010000000000000100100101
000001011011101010000000000000100100110
000001011011101010000000000000100100111
000001011011101010000000000000100101000
000001011011101010000000000000100101001
000001011011101010000000000000100101010
000001010111101010000000000000100101011
000001010111101010000000000000100101101
000001010111101010000000000000100101110
000001010111101010000000000000100101111
000001010111101010000000000000100110000
000001010111101010000000000000100110001
000001010111101010000000000000100110010
000001010111101010000000000000100110011
000001010011101010000000000000100110100
000001010011101010010000000000100110100
000001010011101010010000000000100110101
000001010011101010010000000000100110110
000001010011101010010000000000100111000
000001010011101010010000000000100111001
000001010011101010010000000000100111001
000001010011101010010000000000100111011
000001010011101010010000000000100111100
000001010011101010010000000000100111101
000001001111101010010000000000100111110
000001001111101010010000000000100111111
000001001111101010010000000000101000000
000001001111101010010000000000101000001
000001001111101010010000000000101000010
000001001111101010010000000000101000011
000001001111101010010000000000101000100
000001001111101010010000000000101000101
000001001111101010010000000000101000110
000001001111101010010000000000101000111
000001001111101010010000000001101001000
000001001011101010100000000000101001001
000001001011101010100000000000101001010
000001001011101010100000000000101001011
000001001011101010100000000000101001100
000001001011101010100000000000101001101
000001001011101010100000000000101001110
000001001011101010100000000000101001111
000001001011101010100000000000101010000
000001000111101010100000000000101010001
000001000111101010100000000000101010010
000001001011101010100000000001101010011
000110000111101010100001010100101010011
010011000111101010100100101110101010011
011011101011101010100110111101101010011
100010011111101010101000101111101010011
101000000111101010101010001101101010011
101101100011101010101011101000101010011
110010000011101010101100110010101010011
110110000111101010101101110100101010011
111010000111101010101110110110101010011
000000000000000000000000000000000000000
000000000000000000000000000000000000000
000000000000000000000000000000000000000
000000000000000000000000000000000000000
000000000000000000000000000000000000000
000000000000000000000000000000000000000
000000000000000000000000000000000000000
000000000000000000000000000000000000000
000000000000000000000000000000000000000
000000000000000000000000000000000000000
000000000000000000000000000000000000000
000000000000000000000000000000000000000
000000000000000000000000000000000000000
000000000000000000000000000000000000000
000000000000000000000000000000000000000
000000000000000000000000000000000000000
000000000000000000000000000000000000000
000000000000000000000000000000000000000
000000000000000000000000000000000000000
000000000000000000000000000000000000000
000000000000000000000000000000000000000
000000000000000000000000000000000000000
000000000000000000000000000000000000000
000000000000000000000000000000000000000
000000000000000000000000000000000000000
000000000000000000000000000000000000000
000000000000000000000000000000000000000
000000000000000000000000000000000000000
000000000000000000000000000000000000000
000000000000000000000000000000000000000
000000000000000000000000000000000000000
000000000000000000000000000000000000000
000000000000000000000000000000000000000
000000000000000000000000000000000000000
000000000000000000000000000000000000000
000000000000000000000000000000000000000
000000000000000000000000000000000000000
000000000000000000000000000000000000000
000000000000000000000000000000000000000
000000000000000000000000000000000000000
000000000000000000000000000000000000000
