000000000000000000000000000000000000000
000000000000000000000000000000000000000
000000000000000000000000000000000000000
000000000000000000000000000000000000000
000000000000000000000000000000000000000
000000000000000000000000000000000000000
000000000000000000000000000000000000000
000000000000000000000000000000000000000
000000000000000000000000000000000000000
000011000100001111110000000010000000000
000011000100110110000000000010000000001
000011000001100101010000000000000000001
000011000010011100100000000000000000011
000011000011110100110000000000000000100
000011000011110101000000000000000000101
000010111011110100110000000000000000110
000010111011110100110000000000000000111
000010111011110100110000000000000001000
000010111011110101000000000000000001001
000010111011110101000000000000000001010
000010111011110101000000000000000001011
000010111011110101000000000000000001100
000010111111110101010000000000000001110
000010111111110100110000000000000001110
000010111111110100110000000000000001111
000010111111110100110000000000000010000
000010111111110100110000000000000010001
000010111111110100110000000000000010010
000010111111110100110000000000000010011
000010111111110101000000000000000010100
000010111111110101000000000000000010101
000010110111110101000000000000000010111
000010110111110101000000000000000011000
000010110111110101000000000000000011001
000010111011110101000000000001000011010
000010111011110101000000000001000011011
000010111011110101000000000001000011100
000010111011110101000000000000000011101
000010111011110101010000000000000011110
000010111011110100110000000000000011110
000010111011110100110000000000000011111
000010111011110100110000000000000100000
000010111011110100110000000000000100001
000010111011110100110000000000000100011
000010111011110101000000000000000100100
000010111011110101000000000000000100101
000010111011110101000000000000000100110
000010110111110101000000000000000100111
000010110011110101000000000000000101000
000010110011110101000000000000000101001
000010110011110101000000000000000101010
000010110011110101000000000000000101011
000010110011110101000000000000000101100
000010110111110101000000000000000101110
000010110111110101010000000000000101111
000010110111110101000000000000000101111
000010110111110101000000000000000110000
000010110011110101000000000000000110001
000010110011110101000000000000000110010
000010110011110101000000000000000110011
000010110011110101000000000000000110100
000010110111110101000000000000000110101
000010110111110101010000000000000110110
000010110011110101000000000001000111000
000010110011110101000000000001000111001
000010101111110101000000000000000111010
000010101111110101000000000000000111011
000010110011110101000000000001000111100
000010110011110101000000000001000111101
000010110011110101010000000001000111110
000010110011110101010000000000000111111
000010101111110101000000000000001000000
000010101111110101000000000000001000001
000010101111110101000000000000001000001
000010101111110101000000000000001000011
000010101111110101000000000000001000100
000010101111110101000000000000001000101
000010101111110101010000000000001000110
000010101111110101010000000000001000111
000010101011110101000000000000001001000
000010101011110101000000000000001001001
000010101011110101010000000000001001010
000010101011110101010000000000001001011
000010101011110101010000000000001001100
000010101011110101010000000000001001101
000010101011110101010000000000001001111
000010101111110101100000000000001010000
000010101011110101000000000000001010000
000010101011110101000000000000001010001
000010101011110101000000000000001010010
000010101011110101010000000000001010011
000010101011110101010000000000001010100
000010101011110101010000000000001010101
000010101011110101010000000000001010110
000010101011110101010000000000001010111
000010100111110101010000000000001011001
000010100111110101010000000000001011010
000010100111110101010000000000001011011
000010100111110101010000000000001011100
000010100111110101010000000000001011101
000010100111110101010000000000001011110
000010100111110101100000000000001011111
000010100111110101100000000000001100000
000010100111110101010000000000001100000
000010100111110101010000000000001100001
000010100111110101010000000000001100010
000010100111110101010000000000001100011
000010100111110101010000000000001100100
000010100111110101010000000000001100101
000010100111110101100000000000001100111
000010100111110101100000000000001101000
000010100011110101010000000000001101001
000010100011110101010000000000001101010
000010100011110101010000000000001101011
000010100011110101010000000000001101100
000010100011110101010000000000001101101
000010100011110101100000000000001101110
000010100011110101100000000000001101111
000010100011110101100000000000001110001
000010011111110101010000000000001110001
000010011111110101010000000000001110010
000010011111110101010000000000001110011
000010011111110101010000000000001110100
000010011111110101010000000000001110101
000010011111110101100000000000001110110
000010100011110101100000000001001110111
000010100011110101100000000000001111000
000010011111110101010000000000001111001
000010011111110101100000000000001111010
000010011111110101100000000000001111100
000010011111110101100000000000001111101
000010011011110101100000000000001111110
000010011111110101100000000000001111111
000010011111110101100000000000010000000
000010011111110101100000000000010000001
000010011011110101100000000000010000001
000010011011110101100000000000010000010
000010011011110101100000000000010000011
000010011011110101100000000000010000100
000010011011110101100000000000010000101
000010011011110101100000000000010000110
000010011011110101100000000000010000111
000010011011110101110000000000010001000
000010010111110101100000000000010001010
000010010111110101100000000000010001011
000010010111110101100000000000010001100
000010010111110101100000000000010001101
000010010111110101100000000000010001110
000010010111110101110000000000010001111
000010010111110101110000000000010010000
000010011011110101110000000000010010001
000010010111110101100000000000010010001
000010010111110101100000000000010010010
000010010111110101100000000000010010011
000010010111110101100000000000010010100
000010010111110101100000000000010010101
000010010111110101100000000000010010110
000010010111110101110000000000010011000
000010010111110101110000000000010011001
000010010011110101100000000000010011010
000010010011110101110000000000010011011
000010010011110101100000000000010011100
000010010011110101110000000000010011101
000010010011110101110000000000010011110
000010010011110101110000000000010011111
000010010011110101110000000000010100000
000010010011110110000000000000010100001
000010001111110101100000000000010100010
000010001111110101110000000000010100011
000010001111110101110000000000010100100
000010001111110101110000000000010100101
000010001111110101110000000000010100110
000010001111110101110000000000010100111
000010001111110101110000000000010101000
000010010011110110000000000000010101001
000010001011110101110000000000010101010
000010001011110101110000000000010101011
000010001011110101110000000000010101100
000010001011110101110000000000010101101
000010001011110101110000000000010101110
000010001011110101110000000000010101111
000010001011110110000000000000010110000
000010001111110110000000000000010110001
000010001011110101110000000000010110010
000010001011110101110000000000010110011
000010001011110101110000000000010110100
000010001011110101110000000000010110101
000010001011110101110000000000010110110
000010001011110101110000000000010110111
000010001011110110000000000000010111000
000010001011110110000000000000010111001
000010000111110101110000000000010111010
000010000111110101110000000000010111011
000010000111110101110000000000010111100
000010000111110110000000000000010111101
000010000111110110000000000000010111110
000010000111110110000000000000010111111
000010000111110110000000000000011000000
000010000111110110010000000000011000001
000010000011110101110000000000011000010
000010000011110110000000000000011000011
000010000011110110000000000000011000100
000010000011110110000000000000011000101
000010000011110110000000000000011000110
000010000011110110000000000000011000111
000010000011110110000000000000011001000
000010000011110110010000000000011001001
000010000011110110000000000000011001010
000001111111110110000000000000011001011
000010000011110110000000000001011001100
000001111111110110000000000000011001101
000001111111110110000000000000011001110
000001111111110110000000000000011001111
000010000011110110010000000001011010000
000010000011110110010000000000011010001
000001111111110110000000000000011010010
000001111111110110000000000000011010011
000001111111110110000000000000011010100
000001111111110110000000000000011010101
000001111111110110000000000001011010110
000001111111110110010000000001011010111
000001111111110110010000000000011011000
000001111111110110010000000000011011001
000001111011110110000000000000011011010
000001111011110110000000000000011011011
000001111011110110000000000000011011100
000001111011110110000000000000011011101
000001111011110110010000000000011011110
000001111011110110010000000000011011111
000001111011110110010000000000011100000
000001111011110110100000000000011100001
000001110111110110010000000000011100010
000001110111110110010000000000011100011
000001110111110110010000000000011100100
000001110111110110010000000000011100101
000001110111110110010000000000011100110
000001110111110110010000000000011100111
000001110111110110010000000000011101000
000001110111110110100000000000011101001
000001110011110110010000000000011101010
000001110011110110010000000000011101011
000001110011110110010000000000011101011
000001110011110110010000000000011101100
000001110011110110010000000000011101101
000001110011110110010000000000011101110
000001110011110110100000000000011110000
000001110011110110100000000000011110001
000001110011110110010000000000011110010
000001101111110110010000000000011110011
000001101111110110010000000000011110100
000001101111110110010000000000011110101
000001101111110110010000000000011110110
000001101111110110100000000000011110111
000001101111110110100000000000011111000
000001110011110110100000000000011111001
000001101111110110010000000000011111001
000001101111110110100000000000011111010
000001101111110110100000000000011111011
000001101111110110100000000000011111100
000001101011110110100000000000011111101
000001101111110110100000000000011111110
000001101111110110100000000000011111111
000001101111110110110000000000100000000
000001101011110110100000000000100000010
000001101011110110100000000000100000011
000001101011110110100000000000100000100
000001101011110110100000000000100000101
000001101011110110100000000000100000101
000001101011110110100000000000100000110
000001101011110110110000000000100001000
000001101011110110110000000000100001001
000001100111110110100000000000100001001
000001100111110110100000000000100001010
000001100111110110100000000000100001011
000001100111110110100000000000100001100
000001100111110110100000000000100001101
000001100111110110110000000000100001110
000001100111110110110000000000100001111
000001100111110110110000000000100010000
000001100011110110100000000000100010001
000001100011110110100000000000100010010
000001100011110110100000000000100010011
000001100011110110110000000000100010100
000001100011110110110000000000100010101
000001100011110110110000000000100010110
000001100011110110110000000000100010111
000001100011110111000000000000100011000
000001100011110110110000000000100011001
000001100011110110110000000000100011001
000001011111110110110000000000100011010
000001011111110110110000000000100011011
000001011111110110110000000000100011100
000001011111110110110000000000100011101
000001011111110110110000000000100011110
000001100011110111000000000000100011111
000001011111110110110000000000100100001
000001011111110110110000000000100100010
000001011011110110110000000000100100011
000001011011110110110000000000100100100
000001011011110110110000000000100100101
000001011011110110110000000000100100110
000001011011110111000000000000100100111
000001011111110111000000000000100101000
000001010111110110110000000000100101000
000001010111110110110000000000100101001
000001010111110110110000000000100101010
000001010111110111000000000000100101011
000001010111110111000000000000100101100
000001010111110111000000000000100101101
000001010111110111000000000000100101110
000001011011110111000000000000100101111
000001010111110111000000000000100110000
000001010111110111000000000000100110001
000001010011110111000000000000100110010
000001010011110111000000000000100110011
000001010011110111000000000000100110100
000001010011110111000000000000100110101
000001010111110111010000000000100110110
000001010111110111010000000000100110111
000001010011110111000000000000100110111
000001010011110111000000000000100111000
000001010011110111000000000000100111001
000001010011110111000000000000100111010
000001010011110111000000000000100111011
000001010011110111000000000000100111100
000001010011110111010000000000100111101
000001010011110111010000000000100111110
000001001111110111000000000000101000000
000001001111110111000000000000101000001
000001001111110111010000000000101000001
000001001111110111010000000001101000010
000001001111110111010000000000101000011
000001001111110111010000000000101000100
000001001111110111010000000000101000101
000001001111110111100000000000101000110
000001001011110111010000000000101000111
000001001011110111010000000000101001000
000001001011110111010000000000101001000
000001001011110111010000000000101001001
000001001011110111010000000000101001010
000001001011110111010000000000101001011
000001001011110111010000000000101001100
000001001011110111100000000000101001110
000001000111110111010000000000101001111
000001000111110111010000000000101010000
000001000111110111010000000000101010001
000001000111110111010000000000101010010
000001001011110111100000000001101010011
000001101011110111100000001001101010011
001000100011110111100001110110101010011
010001100011110111100100000101101010011
010110000111110111010101001111101010011
011011100011110111010110100101101010011
011111111111110111010111101100101010011
100100111011110111011000111010101010011
101001000111110111101001111101101010011
101100111111110111101010111000101010011
110000110111110111101011110101101010011
110100100111110111101100101111101010011
110111000111110111101101010110101010011
111001111011110111101110000010101010011
111101000111110111101110110010101010011
000000000000000000000000000000000000000
000000000000000000000000000000000000000
000000000000000000000000000000000000000
000000000000000000000000000000000000000
000000000000000000000000000000000000000
000000000000000000000000000000000000000
000000000000000000000000000000000000000
000000000000000000000000000000000000000
000000000000000000000000000000000000000
000000000000000000000000000000000000000
000000000000000000000000000000000000000
000000000000000000000000000000000000000
000000000000000000000000000000000000000
000000000000000000000000000000000000000
000000000000000000000000000000000000000
000000000000000000000000000000000000000
000000000000000000000000000000000000000
000000000000000000000000000000000000000
000000000000000000000000000000000000000
000000000000000000000000000000000000000
000000000000000000000000000000000000000
000000000000000000000000000000000000000
