000000000000000000000000000000000000000
000000000000000000000000000000000000000
000000000000000000000000000000000000000
000000000000000000000000000000000000000
000000000000000000000000000000000000000
000000000000000000000000000000000000000
000000000000000000000000000000000000000
000000000000000000000000000000000000000
000000000000000000000000000000000000000
000000000000000000000000000000000000000
000000000000000000000000000000000000000
000000000000000000000000000000000000000
000000000000000000000000000000000000000
000011011000101000000000000000000000000
000011011101010111000000000000000000001
000011011110000110010000000000000000010
000011011111101101000000000000000000011
000011011111101101000000000000000000100
000011011111101101000000000000000000101
000011011111101101000000000000000000110
000011011111101101000000000000000001000
000011011111101101000000000000000001001
000011011111101101000000000000000001010
000011011011101100110000000000000001011
000011011011101100110000000000000001100
000011011011101101000000000000000001101
000011011011101101000000000001000001110
000011011011101101000000000001000001111
000011010111101101000000000000000010001
000011011011101101000000000001000010010
000011011011101101000000000001000010011
000011011011101101000000000000000010100
000011011011101101000000000000000010101
000011011011101101000000000000000010110
000011011011101101000000000000000010111
000011011011101101000000000000000011000
000011011011101101000000000000000011001
000011011011101101000000000001000011010
000011011011101101010000000000000011011
000011010111101101000000000000000011100
000011010111101101000000000000000011110
000011010111101101000000000000000011111
000011010111101101000000000000000100000
000011010111101101000000000001000100001
000011010011101101000000000000000100010
000011010111101101000000000001000100011
000011010111101101000000000001000100100
000011010111101101010000000000000100101
000011010111101101010000000000000100110
000011010111101101010000000000000100111
000011010011101101010000000000000101000
000011010011101101010000000000000101001
000011010011101101010000000000000101010
000011010011101101010000000000000101011
000011010011101101010000000000000101100
000011010011101101000000000000000101110
000011010011101101000000000000000101111
000011010011101101000000000000000110000
000011010011101101000000000001000110001
000011001111101101000000000000000110010
000011001111101101000000000000000110011
000011010011101101010000000001000110100
000011001111101101010000000000000110101
000011001111101101010000000000000110110
000011001111101101010000000000000110111
000011001111101101010000000000000111000
000011001111101101010000000000000111001
000011001111101101010000000000000111010
000011001111101101010000000000000111011
000011001111101101010000000000000111100
000011001111101101010000000000000111110
000011001111101101010000000000000111111
000011001111101101010000000000001000000
000011001111101101010000000001001000001
000011001011101101010000000000001000010
000011001011101101010000000000001000011
000011001011101101010000000000001000100
000011001011101101010000000000001000101
000011001011101101010000000000001000111
000011001011101101010000000000001000111
000011001011101101010000000000001001000
000011001011101101010000000000001001001
000011001011101101010000000000001001010
000011001011101101010000000000001001011
000011001011101101010000000000001001101
000011001011101101010000000000001001110
000011001011101101010000000000001001111
000011000111101101010000000000001010000
000011000111101101010000000000001010001
000011000111101101010000000000001010010
000011000111101101010000000000001010011
000011000111101101010000000000001010100
000011000111101101010000000000001010110
000011000111101101010000000000001010111
000011000111101101010000000000001011000
000011000111101101010000000000001011000
000011000111101101010000000000001011001
000011000111101101010000000000001011010
000011000111101101010000000000001011011
000011000011101101100000000000001011101
000011000011101101100000000000001011110
000011000011101101100000000000001011111
000011000011101101100000000000001100000
000011000011101101100000000000001100001
000011000011101101100000000000001100010
000011000011101101100000000000001100011
000011000011101101100000000000001100100
000011000011101101100000000000001100101
000011000011101101100000000000001100110
000011000011101101100000000000001100111
000011000011101101100000000000001101000
000011000011101101100000000000001101010
000010111111101101100000000000001101011
000010111111101101100000000000001101100
000010111111101101100000000000001101101
000010111111101101100000000000001101110
000010111111101101100000000000001101111
000010111111101101100000000000001110000
000010111111101101100000000000001110001
000010111111101101100000000000001110010
000010111111101101100000000000001110011
000010111111101101100000000000001110100
000010111111101101100000000000001110101
000010111111101101100000000000001110110
000010111111101101100000000001001110111
000010111011101101100000000000001111000
000010111011101101100000000000001111010
000010111011101101100000000000001111011
000010111011101101100000000000001111100
000010111011101101100000000000001111101
000010111011101101100000000000001111110
000010111011101101100000000000001111111
000010111011101101100000000000010000000
000010111011101101100000000000010000001
000010111011101101110000000000010000010
000010111011101101100000000000010000011
000010111011101101100000000001010000100
000010110111101101100000000000010000101
000010110111101101100000000000010000110
000010110111101101100000000000010000111
000010110111101101100000000000010001000
000010110111101101110000000000010001001
000010110111101101110000000000010001010
000010110111101101100000000000010001100
000010110111101101110000000000010001101
000010110111101101110000000000010001110
000010110111101101110000000001010001111
000010110111101101110000000001010010000
000010110011101101110000000000010010001
000010110011101101110000000000010010010
000010110011101101110000000000010010011
000010110011101101110000000000010010100
000010110011101101110000000000010010101
000010110011101101110000000000010010110
000010110011101101110000000000010010111
000010110011101101110000000000010011000
000010110011101101110000000000010011001
000010110011101101110000000000010011010
000010110011101101110000000000010011011
000010101111101101110000000000010011101
000010101111101101110000000000010011110
000010101111101101110000000000010011111
000010101111101101110000000000010100000
000010101111101101110000000000010100001
000010101111101101110000000000010100010
000010101111101101110000000000010100011
000010101111101101110000000000010100100
000010101111101101110000000000010100101
000010101111101101110000000000010100110
000010101111101101110000000001010100111
000010101111101101110000000001010101000
000010101011101101110000000000010101001
000010101011101101110000000000010101010
000010101011101110000000000000010101011
000010101011101110000000000000010101100
000010101011101101110000000000010101110
000010101011101110000000000000010101111
000010101011101101110000000000010110000
000010101011101101110000000000010110001
000010101011101110000000000000010110010
000010101011101110000000000001010110011
000010101011101110000000000001010110100
000010100111101110000000000000010110101
000010100111101110000000000000010110110
000010100111101110000000000000010110111
000010100111101110000000000000010111000
000010100111101110000000000000010111001
000010100111101110000000000000010111010
000010100111101110000000000000010111011
000010100111101110000000000000010111100
000010100111101110000000000000010111101
000010100011101110000000000000010111110
000010100011101110000000000000010111111
000010100011101110000000000000011000000
000010100011101110000000000000011000001
000010100011101110000000000000011000010
000010100011101110000000000000011000100
000010100011101110000000000000011000101
000010100011101110000000000000011000110
000010100011101110000000000000011000110
000010100011101110000000000000011000111
000010100011101110000000000000011001000
000010011111101110000000000000011001001
000010011111101110000000000000011001010
000010011111101110000000000000011001100
000010011111101110000000000000011001101
000010011111101110000000000000011001110
000010011111101110000000000000011001111
000010011111101110000000000000011010000
000010011111101110000000000000011010001
000010011111101110010000000000011010010
000010011111101110010000000001011010011
000010011111101110010000000000011010100
000010011011101110010000000000011010101
000010011011101110010000000000011010110
000010011011101110010000000000011010111
000010011011101110010000000000011011000
000010011011101110010000000000011011001
000010011011101110010000000000011011010
000010011011101110010000000000011011011
000010011011101110010000000000011011100
000010011011101110010000000000011011101
000010011011101110010000000000011011110
000010010111101110010000000000011100000
000010010111101110010000000000011100001
000010010111101110010000000000011100010
000010010111101110010000000000011100011
000010010111101110010000000000011100100
000010010111101110010000000000011100101
000010010111101110010000000000011100110
000010010111101110010000000000011100111
000010010111101110010000000000011100111
000010010011101110010000000000011101000
000010010011101110010000000000011101010
000010010011101110010000000000011101011
000010010011101110010000000000011101100
000010010011101110100000000000011101101
000010010011101110100000000000011101110
000010010011101110100000000000011101111
000010010011101110010000000000011110000
000010010011101110010000000000011110001
000010010011101110010000000000011110010
000010001111101110010000000000011110011
000010001111101110100000000000011110100
000010001111101110100000000000011110101
000010001111101110100000000000011110110
000010001111101110100000000000011110111
000010001111101110100000000000011111000
000010001111101110100000000000011111001
000010001111101110100000000000011111010
000010001111101110100000000000011111011
000010001111101110100000000000011111100
000010001011101110100000000000011111101
000010001111101110100000000001011111110
000010001011101110100000000000011111111
000010001011101110100000000000100000000
000010001011101110100000000000100000001
000010001011101110100000000000100000010
000010001011101110100000000000100000011
000010001011101110100000000000100000101
000010001011101110100000000001100000110
000010000111101110100000000000100000111
000010000111101110100000000000100001000
000010000111101110100000000000100001000
000010000111101110100000000000100001001
000010000111101110100000000000100001010
000010000111101110100000000000100001011
000010000111101110100000000000100001100
000010000111101110110000000000100001101
000010000111101110110000000000100001110
000010000111101110110000000000100001111
000010000011101110100000000000100010000
000010000011101110110000000000100010001
000010000011101110100000000000100010010
000010000011101110110000000000100010011
000010000011101110110000000000100010100
000010000011101110110000000000100010101
000010000011101110110000000000100010110
000010000011101110110000000000100011000
000010000011101110110000000001100011001
000001111111101110110000000000100011010
000001111111101110110000000000100011011
000001111111101110110000000000100011100
000001111111101110110000000000100011101
000001111111101110110000000000100011110
000001111111101110110000000000100011111
000001111111101110110000000000100100000
000001111111101110110000000000100100001
000001111111101110110000000001100100010
000001111011101110110000000000100100011
000001111011101110110000000000100100100
000001111011101110110000000000100100101
000001111011101110110000000000100100110
000001111011101110110000000000100100111
000001111011101111000000000000100101000
000001111011101110110000000000100101001
000001111011101111000000000000100101010
000001110111101111000000000000100101011
000001110111101111000000000000100101100
000001110111101111000000000000100101101
000001110111101111000000000000100101110
000001110111101111000000000000100101111
000001110111101111000000000000100110000
000001110111101111000000000000100110001
000001110111101111000000000000100110010
000001110111101111000000000000100110011
000001110111101111000000000001100110100
000001110011101111000000000000100110101
000001110011101111000000000000100110110
000001110011101111000000000000100110111
000001110011101111000000000000100111000
000001110011101111000000000000100111001
000001110011101111000000000000100111010
000001110011101111000000000000100111011
000001110011101111000000000000100111100
000001101111101111000000000000100111101
000001101111101111000000000000100111110
000001101111101111010000000000100111111
000001101111101111010000000000101000000
000001101111101111000000000000101000001
000001101111101111000000000000101000010
000001101111101111000000000000101000011
000001101111101111000000000000101000100
000001101111101111000000000001101000101
000001101011101111010000000000101000110
000001101011101111010000000000101000111
000001101011101111010000000000101001000
000001101011101111010000000000101001001
000001101011101111010000000000101001010
000001101011101111010000000000101001011
000001101011101111010000000000101001100
000001101011101111010000000000101001101
000001101011101111010000000001101001110
000001100111101111010000000000101001111
000001100111101111010000000000101010000
000001100111101111010000000000101010001
000001100111101111010000000000101010010
000001101011101111010000000001101010011
000001101111101111010000000010101010011
001011001111101111010010100000101010011
010010111011101111010100011111101010011
011000111011101111010110000011101010011
011101110111101111010111010101101010011
100010010111101111011000100000101010011
100111000011101111101001101101101010011
101010111011101111101010101101101010011
101110101111101111101011101011101010011
110010011111101111101100101000101010011
110101101011101111101101011011101010011
111001000011101111101110010001101010011
111011110011101111101110111101101010011
000000000000000000000000000000000000000
000000000000000000000000000000000000000
000000000000000000000000000000000000000
000000000000000000000000000000000000000
000000000000000000000000000000000000000
000000000000000000000000000000000000000
000000000000000000000000000000000000000
000000000000000000000000000000000000000
000000000000000000000000000000000000000
000000000000000000000000000000000000000
000000000000000000000000000000000000000
000000000000000000000000000000000000000
000000000000000000000000000000000000000
000000000000000000000000000000000000000
000000000000000000000000000000000000000
000000000000000000000000000000000000000
000000000000000000000000000000000000000
000000000000000000000000000000000000000
000000000000000000000000000000000000000
000000000000000000000000000000000000000
000000000000000000000000000000000000000
000000000000000000000000000000000000000
000000000000000000000000000000000000000
000000000000000000000000000000000000000
000000000000000000000000000000000000000
000000000000000000000000000000000000000
000000000000000000000000000000000000000
000000000000000000000000000000000000000
000000000000000000000000000000000000000
000000000000000000000000000000000000000
000000000000000000000000000000000000000
000000000000000000000000000000000000000
000000000000000000000000000000000000000
